-0.84751 -0.56598 -0.50179  0.07342 -0.27703  0.02553 -0.59814 -0.26456 -0.29969  0.12800 -0.04529  0.12560 -0.21676  0.17800  0.10712  0.36987  0.31421  0.40958  0.09669  0.46964  0.43679  0.71330  0.64980  0.67803  0.30477  0.99003  0.72862  1.23618  1.13596  1.26742
-0.73573 -0.49794 -0.44387  0.07544 -0.25016 -0.03718 -0.39806 -0.04555 -0.13712  0.19422  0.10319  0.22605 -0.06192  0.28840  0.24344  0.48951  0.40935  0.46049  0.22461  0.68109  0.56042  0.89854  0.84301  0.88770  0.42656  1.18837  0.89617  1.48376  1.34254  1.49850
-0.59823 -0.35284 -0.34725  0.09808 -0.15360  0.00499 -0.23195  0.14052  0.03357  0.28761  0.24806  0.33089  0.08099  0.39926  0.36583  0.62627  0.53605  0.55345  0.30783  0.88854  0.67326  1.10993  1.03627  1.12570  0.54065  1.38016  1.05672  1.69406  1.54138  1.70740
-0.44202 -0.14944 -0.21025  0.15457 -0.00237  0.13057 -0.10347  0.25966  0.18184  0.41184  0.35718  0.41391  0.19987  0.57026  0.49452  0.79677  0.72461  0.74533  0.38426  1.08073  0.80557  1.35093  1.23086  1.36953  0.61460  1.53041  1.14717  1.79895  1.69335  1.87416
-0.29642  0.05864 -0.04518  0.24795  0.17201  0.27977  0.01480  0.36369  0.31389  0.55808  0.47609  0.51387  0.28009  0.78469  0.61890  0.99279  0.93341  0.99654  0.46849  1.26944  0.95699  1.56450  1.42392  1.59762  0.63920  1.60892  1.16092  1.79238  1.79241  2.00582
-0.16970  0.23462  0.13188  0.38928  0.33852  0.42756  0.13106  0.52159  0.45698  0.74110  0.65869  0.70081  0.33961  1.00535  0.74548  1.21538  1.13775  1.26594  0.52984  1.43652  1.07322  1.68668  1.58612  1.79712  0.61820  1.60909  1.13461  1.72191  1.84911  2.11732
-0.05166  0.40092  0.30757  0.57419  0.51761  0.60422  0.21631  0.75201  0.60289  0.95176  0.88615  0.97748  0.38761  1.20733  0.87687  1.39540  1.32484  1.52025  0.51644  1.51249  1.08923  1.65772  1.67513  1.94761  0.52375  1.52857  1.08702  1.61276  1.85018  2.18781
 0.06684  0.60768  0.47930  0.77800  0.73234  0.83852  0.27755  0.99640  0.74090  1.15246  1.11023  1.27314  0.40584  1.35520  0.96672  1.47811  1.47708  1.73950  0.44874  1.49397  1.04850  1.56039  1.71609  2.05505  0.37655  1.40740  1.02568  1.47480  1.80448  2.21672
 0.17018  0.85549  0.64030  0.99044  0.97073  1.12688  0.32292  1.21157  0.86627  1.30993  1.32066  1.55855  0.38119  1.41628  0.98802  1.47038  1.58641  1.91773  0.34380  1.41155  0.99702  1.44731  1.72468  2.12461  0.18762  1.25513  0.93823  1.30408  1.71187  2.19988
 0.25219  1.10442  0.78825  1.19580  1.21586  1.44310  0.34107  1.35427  0.94500  1.39343  1.50053  1.81043  0.32011  1.38967  0.96776  1.41170  1.65578  2.05193  0.19489  1.28454  0.93518  1.30759  1.68600  2.15542 -0.04532  1.06343  0.81344  1.10770  1.57131  2.11983
 0.31443  1.30162  0.90772  1.35504  1.44527  1.74229  0.32660  1.39265  0.96531  1.39850  1.63165  2.00845  0.21404  1.29725  0.93393  1.31884  1.67264  2.14050 -0.01252  1.10533  0.83873  1.13183  1.58309  2.12685 -0.30565  0.84563  0.65304  0.89983  1.38837  1.96527
-0.84751 -0.56598 -0.50179  0.07342 -0.27703  0.02553 -0.59814 -0.26456 -0.29969  0.12800 -0.04529  0.12560 -0.21676  0.17800  0.10712  0.36987  0.31421  0.40958  0.09669  0.46964  0.43679  0.71330  0.64980  0.67803  0.30477  0.99003  0.72862  1.23618  1.13596  1.26742
-0.90330 -0.56227 -0.51100  0.07914 -0.24278  0.11157 -0.70629 -0.35770 -0.36147  0.10817 -0.09144  0.10817 -0.31059  0.10099  0.02530  0.31227  0.26545  0.38568  0.00093  0.37034  0.36241  0.61791  0.55818  0.59247  0.23395  0.88539  0.64998  1.10106  1.03251  1.14723
-0.95417 -0.52509 -0.49717  0.09012 -0.16779  0.23350 -0.80393 -0.41311 -0.39535  0.10057 -0.09854  0.13582 -0.41414  0.01083 -0.05614  0.26140  0.21852  0.36592 -0.11167  0.27875  0.28134  0.52226  0.47943  0.52611  0.15007  0.77952  0.57454  0.96817  0.93335  1.03508
-0.99626 -0.46384 -0.46339  0.10578 -0.06806  0.37302 -0.88551 -0.43301 -0.40556  0.10157 -0.07306  0.20121 -0.51864 -0.07930 -0.12732  0.21965  0.17825  0.35659 -0.23008  0.18952  0.19826  0.43055  0.41276  0.47412  0.05498  0.67343  0.49789  0.84307  0.83864  0.93375
-1.02953 -0.38868 -0.41581  0.12603  0.04226  0.51783 -0.95369 -0.42852 -0.40044  0.10751 -0.02576  0.29071 -0.61851 -0.15986 -0.18532  0.18630  0.14714  0.36146 -0.34966  0.09840  0.11540  0.34463  0.35353  0.43166 -0.04741  0.56572  0.41739  0.72455  0.74660  0.84025
-1.05329 -0.30454 -0.35724  0.15198  0.15663  0.66262 -1.01044 -0.40605 -0.38433  0.11702  0.03761  0.39624 -0.71096 -0.22478 -0.22924  0.16054  0.12755  0.38332 -0.46880  0.00441  0.03382  0.26602  0.29889  0.39760 -0.15478  0.45447  0.33195  0.61060  0.65585  0.75203
-1.06579 -0.21440 -0.28872  0.18584  0.27182  0.80457 -1.05585 -0.36848 -0.35900  0.13037  0.11362  0.51293 -0.79467 -0.26939 -0.25872  0.14198  0.12240  0.42451 -0.58546 -0.09027 -0.04489  0.19752  0.24840  0.37425 -0.26596  0.33744  0.24112  0.50055  0.56516  0.66789
-1.06423 -0.12086 -0.21059  0.23081  0.38659  0.94218 -1.08854 -0.31694 -0.32481  0.14918  0.19898  0.63705 -0.86973 -0.29051 -0.27430  0.13050  0.13490  0.48619 -0.69585 -0.17943 -0.11781  0.14356  0.20428  0.36739 -0.38048  0.21244  0.14518  0.39568  0.47336  0.58810
-1.04441 -0.02600 -0.12278  0.29042  0.50180  1.07553 -1.10599 -0.25196 -0.28102  0.17626  0.28956  0.76507 -0.93734 -0.28747 -0.27788  0.12630  0.16747  0.56705 -0.79416 -0.25212 -0.18008  0.10951  0.17210  0.38577 -0.49781  0.07924  0.04609  0.30014  0.38030  0.51564
-1.00136  0.07150 -0.02478  0.36500  0.62103  1.20781 -1.10675 -0.17606 -0.22678  0.21464  0.38130  0.89350 -0.99758 -0.26398 -0.27245  0.13107  0.21799  0.66165 -0.87676 -0.29758 -0.22750  0.09708  0.15908  0.43472 -0.61520 -0.05427 -0.05086  0.22143  0.29041  0.45896
-0.92913  0.18006  0.08597  0.44935  0.74905  1.34354 -1.08893 -0.09196 -0.15920  0.26706  0.47514  1.02019 -1.04426 -0.22382 -0.25658  0.14942  0.28063  0.76337 -0.94543 -0.31106 -0.25754  0.10057  0.17213  0.51070 -0.72439 -0.16636 -0.13465  0.16768  0.21790  0.43479
 0.31443  1.30162  0.90772  1.35504  1.44527  1.74229  0.32660  1.39265  0.96531  1.39850  1.63165  2.00845  0.21404  1.29725  0.93393  1.31884  1.67264  2.14050 -0.01252  1.10533  0.83873  1.13183  1.58309  2.12685 -0.30565  0.84563  0.65304  0.89983  1.38837  1.96527
 0.33709  1.38315  0.95798  1.40427  1.59853  1.95090  0.26440  1.33950  0.95101  1.34834  1.68151  2.12375  0.05353  1.15779  0.87443  1.18719  1.61332  2.15358 -0.23429  0.91243  0.70974  0.95588  1.44080  2.02062 -0.52866  0.64686  0.48666  0.72624  1.19226  1.77189
 0.31620  1.38110  0.96651  1.37835  1.68030  2.08789  0.14525  1.22958  0.91210  1.25981  1.65585  2.17144 -0.14284  0.99024  0.78120  1.03092  1.50345  2.08920 -0.43683  0.72967  0.56159  0.79865  1.28044  1.86237 -0.71971  0.45303  0.31506  0.58670  0.98473  1.56349
 0.25033  1.32848  0.95635  1.32290  1.70120  2.17065 -0.01129  1.08944  0.84944  1.14230  1.58083  2.15930 -0.33317  0.82665  0.66579  0.88265  1.37684  1.97283 -0.61728  0.55325  0.40596  0.66639  1.10721  1.68673 -0.87993  0.26267  0.14611  0.47327  0.78698  1.36169
 0.13681  1.22737  0.92081  1.24282  1.66616  2.20116 -0.18591  0.94038  0.76580  1.00608  1.47900  2.09045 -0.50428  0.66891  0.53083  0.75393  1.23675  1.82511 -0.78453  0.37674  0.24829  0.54981  0.92179  1.50376 -0.99750  0.08586 -0.00892  0.37850  0.61949  1.17688
-0.01446  1.08857  0.85700  1.13463  1.58665  2.17713 -0.36278  0.79223  0.65805  0.86730  1.35836  1.97094 -0.66398  0.50469  0.37843  0.64138  1.07628  1.65730 -0.92750  0.20714  0.09617  0.44320  0.74011  1.32177 -1.06458 -0.06257 -0.13427  0.29512  0.48923  1.01456
-0.18392  0.93474  0.76820  1.00590  1.47989  2.09926 -0.53467  0.63807  0.52192  0.73965  1.21467  1.81447 -0.82068  0.32556  0.21372  0.53528  0.89488  1.47597 -1.02823  0.05386 -0.04249  0.34307  0.58194  1.14994 -1.08220 -0.17096 -0.21771  0.21819  0.38457  0.87098
-0.36139  0.77427  0.64675  0.86961  1.34791  1.96575 -0.70460  0.46406  0.35817  0.62111  1.04095  1.63227 -0.95516  0.14810  0.05230  0.42929  0.71093  1.28993 -1.07466 -0.07503 -0.15260  0.25159  0.45615  0.99122 -1.05257 -0.23846 -0.25539  0.15805  0.29158  0.73555
-0.54878  0.59739  0.48724  0.73398  1.18180  1.78586 -0.86694  0.27136  0.17758  0.50332  0.84771  1.43549 -1.04039 -0.00189 -0.08517  0.32217  0.54716  1.11133 -1.07168 -0.18096 -0.22511  0.17759  0.35122  0.83667 -0.98005 -0.27025 -0.25425  0.12824  0.21419  0.60479
-0.74590  0.39535  0.29625  0.59707  0.97947  1.57695 -1.00325  0.07926 -0.00254  0.38328  0.65531  1.23320 -1.07188 -0.12311 -0.19015  0.22129  0.40678  0.94090 -1.03018 -0.26725 -0.26307  0.12730  0.25105  0.67487 -0.87327 -0.26159 -0.22126  0.12856  0.17488  0.48952
-0.92913  0.18006  0.08597  0.44935  0.74905  1.34354 -1.08893 -0.09196 -0.15920  0.26706  0.47514  1.02019 -1.04426 -0.22382 -0.25658  0.14942  0.28063  0.76337 -0.94543 -0.31106 -0.25754  0.10057  0.17213  0.51070 -0.72439 -0.16636 -0.13465  0.16768  0.21790  0.43479
