 0.81652 -0.04489 -0.02349 -0.00363 -0.00815 -0.03131 -0.01972 -0.00083 -0.08825 -0.03092  0.00260  0.00073  0.00093  0.00246  0.00102 -0.00064
 0.79888  0.07007 -0.00041 -0.00636 -0.01083 -0.04907 -0.05509 -0.00080 -0.05691 -0.04015  0.00114  0.00058  0.00049  0.00338  0.00206 -0.00031
 0.73766  0.17733 -0.00238 -0.01032 -0.01312 -0.06977 -0.08250  0.00091 -0.04551 -0.05112  0.00092  0.00055  0.00048  0.00468  0.00309 -0.00006
 0.66716  0.28150  0.00399 -0.01584 -0.01384 -0.08603 -0.10011  0.00139 -0.03167 -0.05866  0.00035  0.00062  0.00020  0.00547  0.00355  0.00010
 0.58519  0.37938  0.00010 -0.02358 -0.01592 -0.09785 -0.10879  0.00295 -0.02203 -0.06396  0.00020  0.00080  0.00007  0.00597  0.00377  0.00011
 0.49691  0.47267  0.00166 -0.03282 -0.01598 -0.10294 -0.10865  0.00360 -0.01162 -0.06634 -0.00016  0.00100 -0.00032  0.00590  0.00355  0.00010
 0.40249  0.55958  0.00001 -0.04361 -0.01593 -0.10103 -0.10067  0.00483 -0.00308 -0.06653 -0.00037  0.00120 -0.00064  0.00545  0.00313  0.00004
 0.30404  0.64119 -0.00002 -0.05024 -0.01305 -0.09226 -0.08645  0.00497  0.00439 -0.06492 -0.00064  0.00118 -0.00103  0.00466  0.00254  0.00005
 0.20229  0.71439  0.00045 -0.07026 -0.00975 -0.07705 -0.06825  0.00567  0.01020 -0.05940 -0.00084  0.00155 -0.00123  0.00354  0.00181  0.00005
 0.09868  0.78522  0.00212 -0.06899 -0.00326 -0.05647 -0.04624  0.00434  0.01456 -0.05372 -0.00107  0.00132 -0.00137  0.00228  0.00107  0.00009
-0.01179  0.82968  0.00442 -0.10017  0.00403 -0.02905 -0.02479  0.00385  0.01666 -0.03543 -0.00101  0.00160 -0.00108  0.00086  0.00031  0.00007
 0.81652 -0.04489 -0.02349 -0.00363 -0.00815 -0.03131 -0.01972 -0.00083 -0.08825 -0.03092  0.00260  0.00073  0.00093  0.00246  0.00102 -0.00064
 0.77163 -0.12609 -0.02104 -0.00177 -0.00230 -0.02908 -0.00754 -0.00064 -0.15248 -0.03050  0.00345  0.00071  0.00107  0.00338  0.00148 -0.00106
 0.71060 -0.19342 -0.01819 -0.00057  0.00162 -0.02767 -0.00327  0.00004 -0.22053 -0.02882  0.00409  0.00073  0.00093  0.00449  0.00218 -0.00162
 0.64261 -0.25343 -0.01557  0.00013  0.00425 -0.02518 -0.00106  0.00070 -0.28897 -0.02506  0.00453  0.00084  0.00060  0.00554  0.00296 -0.00221
 0.56904 -0.30662 -0.01293  0.00043  0.00598 -0.02199 -0.00034  0.00130 -0.35732 -0.01973  0.00468  0.00101  0.00014  0.00656  0.00384 -0.00273
 0.49080 -0.35426 -0.01036  0.00046  0.00699 -0.01824 -0.00029  0.00183 -0.42459 -0.01322  0.00446  0.00116 -0.00044  0.00753  0.00473 -0.00312
 0.40772 -0.39732 -0.00790  0.00037  0.00745 -0.01410 -0.00043  0.00225 -0.48918 -0.00637  0.00385  0.00121 -0.00105  0.00844  0.00555 -0.00334
 0.32011 -0.43604 -0.00559  0.00033  0.00749 -0.00979 -0.00051  0.00253 -0.55062  0.00027  0.00280  0.00109 -0.00170  0.00930  0.00619 -0.00335
 0.22633 -0.47048 -0.00351  0.00048  0.00713 -0.00529 -0.00011  0.00263 -0.60540  0.00509  0.00138  0.00085 -0.00217  0.01014  0.00656 -0.00311
 0.12670 -0.49927 -0.00172  0.00094  0.00637 -0.00079  0.00081  0.00251 -0.65289  0.00735 -0.00038  0.00044 -0.00243  0.01096  0.00646 -0.00258
 0.01678 -0.51554 -0.00068  0.00160  0.00493  0.00428  0.00329  0.00213 -0.67797  0.00146 -0.00176  0.00054 -0.00184  0.01211  0.00612 -0.00159
-0.01179  0.82968  0.00442 -0.10017  0.00403 -0.02905 -0.02479  0.00385  0.01666 -0.03543 -0.00101  0.00160 -0.00108  0.00086  0.00031  0.00007
-0.11326  0.79228  0.00468 -0.02887  0.00377 -0.01490 -0.02516  0.00188  0.02417 -0.01680 -0.00098 -0.00003 -0.00045  0.00053  0.00019  0.00010
-0.22365  0.72402  0.00363 -0.03042 -0.00083 -0.00347 -0.02930  0.00334  0.03109  0.00071 -0.00084  0.00043  0.00008  0.00054  0.00016 -0.00016
-0.32823  0.64829  0.00274 -0.01025 -0.00637  0.00541 -0.03172  0.00322  0.03620  0.01246 -0.00076  0.00049  0.00036  0.00061  0.00021 -0.00042
-0.42938  0.56506  0.00134 -0.01178 -0.01103  0.01243 -0.03217  0.00375  0.03979  0.02234 -0.00062  0.00081  0.00050  0.00063  0.00028 -0.00069
-0.52509  0.47532 -0.00010 -0.00906 -0.01531  0.01796 -0.02924  0.00350  0.04166  0.02899 -0.00044  0.00095  0.00056  0.00053  0.00033 -0.00084
-0.61289  0.37780  0.00030 -0.00773 -0.01806  0.02250 -0.02215  0.00298  0.04068  0.03303 -0.00024  0.00100  0.00058  0.00027  0.00026 -0.00087
-0.69229  0.27358 -0.00063 -0.00770 -0.01935  0.02583 -0.01136  0.00308  0.03847  0.03450  0.00002  0.00096  0.00065 -0.00016  0.00002 -0.00080
-0.75839  0.16121  0.00125 -0.00798 -0.01837  0.02945  0.00367  0.00407  0.03124  0.03559  0.00024  0.00083  0.00073 -0.00066 -0.00041 -0.00071
-0.81233  0.04303  0.00092 -0.00842 -0.01570  0.03230  0.02179  0.00691  0.02356  0.03603  0.00043  0.00062  0.00088 -0.00128 -0.00114 -0.00068
-0.81986 -0.08251  0.00558 -0.00769 -0.01000  0.04133  0.04649  0.01163 -0.00197  0.04280  0.00063  0.00029  0.00096 -0.00159 -0.00174 -0.00084
-0.81986 -0.08251  0.00558 -0.00769 -0.01000  0.04133  0.04649  0.01163 -0.00197  0.04280  0.00063  0.00029  0.00096 -0.00159 -0.00174 -0.00084
-0.77077 -0.17502  0.00771 -0.00475 -0.00514  0.05088  0.05995  0.01248 -0.06143  0.05234  0.00119  0.00011  0.00092 -0.00044 -0.00046 -0.00086
-0.70515 -0.25144  0.00697 -0.00132 -0.00184  0.05488  0.06293  0.01046 -0.12989  0.05668  0.00154  0.00019  0.00095  0.00126  0.00131 -0.00081
-0.63184 -0.31864  0.00618  0.00155  0.00060  0.05503  0.06107  0.00779 -0.20051  0.05682  0.00160  0.00038  0.00100  0.00295  0.00275 -0.00080
-0.55259 -0.37600  0.00480  0.00362  0.00211  0.05173  0.05542  0.00517 -0.27306  0.05336  0.00141  0.00062  0.00105  0.00459  0.00375 -0.00079
-0.46878 -0.42445  0.00343  0.00477  0.00301  0.04601  0.04761  0.00309 -0.34646  0.04680  0.00099  0.00090  0.00103  0.00610  0.00427 -0.00077
-0.38068 -0.46456  0.00222  0.00506  0.00353  0.03875  0.03872  0.00172 -0.41941  0.03814  0.00038  0.00118  0.00091  0.00745  0.00439 -0.00073
-0.28936 -0.49654  0.00124  0.00465  0.00380  0.03058  0.02941  0.00109 -0.49201  0.02743 -0.00039  0.00147  0.00067  0.00865  0.00429 -0.00065
-0.19313 -0.51880  0.00048  0.00375  0.00404  0.02192  0.02015  0.00105 -0.56176  0.01673 -0.00117  0.00164  0.00023  0.00972  0.00416 -0.00065
-0.09304 -0.53055 -0.00011  0.00256  0.00425  0.01300  0.01119  0.00151 -0.62849  0.00545 -0.00196  0.00159 -0.00044  0.01066  0.00433 -0.00071
 0.01678 -0.51554 -0.00068  0.00160  0.00493  0.00428  0.00329  0.00213 -0.67797  0.00146 -0.00176  0.00054 -0.00184  0.01211  0.00612 -0.00159
