 0.93593 -0.01236 -0.09081 -0.01493 -0.01201 -0.02741  0.00094  0.00971
 0.92136  0.12986 -0.04437 -0.01728 -0.01087 -0.03487 -0.04154  0.00701
 0.87598  0.27419 -0.03920 -0.01774 -0.00012 -0.05779 -0.07173  0.00508
 0.81362  0.41064 -0.02055 -0.01257  0.02052 -0.08499 -0.09222  0.00187
 0.72964  0.53829 -0.01234 -0.00511  0.03997 -0.10739 -0.10367 -0.00153
 0.62440  0.65367 -0.01015 -0.00018  0.04345 -0.11617 -0.10447 -0.00340
 0.50425  0.75333 -0.01082  0.00193  0.03586 -0.11506 -0.09418 -0.00335
 0.37271  0.83408 -0.01479 -0.00573  0.02268 -0.10448 -0.07473 -0.00141
 0.23199  0.89508 -0.01708 -0.00536  0.01523 -0.08022 -0.05422 -0.00249
 0.09712  0.92729 -0.01864 -0.06067  0.00891 -0.03503 -0.03961  0.00306
 0.01303  0.92330 -0.01903 -0.18716  0.00981  0.00112 -0.02972  0.01467
 0.01303  0.92330 -0.01903 -0.18716  0.00981  0.00112 -0.02972  0.01467
-0.08865  0.92638 -0.01333 -0.06415  0.00877  0.03703 -0.04234  0.00725
-0.23146  0.89006 -0.01018 -0.01904 -0.01065  0.08573 -0.06375  0.00045
-0.36973  0.82648 -0.01036  0.00615 -0.04231  0.12064 -0.09185 -0.01350
-0.50482  0.74033 -0.01694  0.00745 -0.06027  0.13705 -0.11684 -0.02116
-0.62921  0.63718 -0.02961 -0.00596 -0.04645  0.12844 -0.13047 -0.01307
-0.73776  0.51771 -0.02707 -0.01096 -0.03104  0.10601 -0.13614 -0.00344
-0.82450  0.38160 -0.01661 -0.01214 -0.02413  0.07980 -0.13249  0.00213
-0.88682  0.23991  0.02574 -0.00773 -0.02690  0.05490 -0.10973 -0.00219
-0.92373  0.09552  0.00190 -0.00838 -0.01314  0.03353 -0.05048 -0.00130
-0.92971 -0.00924 -0.11130 -0.01624 -0.00590  0.02069  0.00241  0.00442
-0.92971 -0.00924 -0.11130 -0.01624 -0.00590  0.02069  0.00241  0.00442
-0.91658 -0.13252 -0.03961 -0.01083 -0.01073  0.03425  0.05545  0.00491
-0.87316 -0.27116 -0.03907 -0.01243 -0.00999  0.05640  0.09915  0.01216
-0.81320 -0.40221 -0.00684 -0.00967  0.00945  0.08252  0.12541  0.01388
-0.73242 -0.52988 -0.01226 -0.01223  0.01873  0.10689  0.13037  0.01544
-0.63374 -0.64365 -0.01620 -0.01306  0.02662  0.13325  0.11998  0.01337
-0.51820 -0.74082 -0.01880 -0.01241  0.02107  0.15209  0.10071  0.01035
-0.38886 -0.81934 -0.01569 -0.00085  0.01595  0.14890  0.08018  0.00246
-0.25334 -0.87994 -0.01125 -0.00451  0.00579  0.11781  0.06034 -0.00179
-0.11703 -0.92194 -0.00744  0.01230  0.00255  0.06696  0.04300 -0.00501
 0.02157 -0.93715 -0.00997 -0.00345  0.00021  0.00552  0.03509 -0.00252
 0.02157 -0.93715 -0.00997 -0.00345  0.00021  0.00552  0.03509 -0.00252
 0.15742 -0.91611 -0.01954 -0.01245 -0.00892 -0.04581  0.04639  0.00027
 0.28952 -0.87102 -0.02661 -0.00605 -0.02988 -0.08427  0.06723 -0.00007
 0.41700 -0.80779 -0.02574 -0.00420 -0.04954 -0.11183  0.09020 -0.00039
 0.53687 -0.72535 -0.01767 -0.01066 -0.05750 -0.12508  0.11072  0.00059
 0.64534 -0.62611 -0.00515 -0.01427 -0.06124 -0.12367  0.12267 -0.00166
 0.74154 -0.51492  0.00426 -0.01754 -0.05755 -0.10849  0.12268 -0.00209
 0.82161 -0.39360  0.01046 -0.01638 -0.04911 -0.08506  0.10950  0.00128
 0.88174 -0.26616 -0.01059 -0.01345 -0.03213 -0.06139  0.08134  0.00745
 0.92341 -0.13216 -0.01537 -0.01100 -0.01975 -0.04047  0.04035  0.00870
 0.93593 -0.01236 -0.09081 -0.01493 -0.01201 -0.02741  0.00094  0.00971
 0.93593 -0.01236 -0.09081 -0.01493 -0.01201 -0.02741  0.00094  0.00971
 0.87141 -0.01424 -0.35680 -0.01920 -0.00212 -0.02670  0.01111  0.01386
 0.72613 -0.00773 -0.58904 -0.01748 -0.00595 -0.02302  0.01668  0.01654
 0.51806 -0.01372 -0.76570 -0.02242  0.01378 -0.01293  0.02366  0.02303
 0.27700  0.00047 -0.88654 -0.02565  0.05677 -0.00593  0.03681  0.03521
 0.01054  0.01673 -0.92529 -0.01373  0.10076 -0.00599  0.02710  0.04901
-0.25961  0.00611 -0.88878 -0.01024  0.10412  0.00450  0.01287  0.03004
-0.49942 -0.00001 -0.77027 -0.01929  0.04749  0.01120  0.00395  0.01914
-0.71265 -0.00495 -0.60262 -0.02784  0.01141  0.00501 -0.00561  0.01364
-0.86453 -0.02232 -0.37641 -0.02664 -0.01135  0.00518  0.00262  0.01171
-0.92971 -0.00924 -0.11130 -0.01624 -0.00590  0.02069  0.00241  0.00442
 0.93593 -0.01236 -0.09081 -0.01493 -0.01201 -0.02741  0.00094  0.00971
 0.90870 -0.02271  0.22048 -0.00672 -0.02052 -0.03590  0.00776 -0.00503
 0.78239 -0.00600  0.50536 -0.00319 -0.01047 -0.05003  0.01207 -0.02756
 0.56670  0.01949  0.72870  0.00411  0.01698 -0.04342  0.00108 -0.04192
 0.29764 -0.00146  0.88520 -0.00705  0.00713 -0.02362 -0.01590 -0.03962
-0.01002 -0.01361  0.93847 -0.00936 -0.00283 -0.00224 -0.02011 -0.03955
-0.31300 -0.01949  0.86306 -0.00130 -0.00309  0.01886 -0.01425 -0.05169
-0.58506 -0.02932  0.71035  0.00258  0.01724  0.03555 -0.00868 -0.04625
-0.79884 -0.01734  0.48276  0.00424  0.01997  0.03414  0.00424 -0.02700
-0.91263  0.02820  0.19720  0.00609 -0.01008  0.03368 -0.01736 -0.01131
-0.92971 -0.00924 -0.11130 -0.01624 -0.00590  0.02069  0.00241  0.00442
 0.01303  0.92330 -0.01903 -0.18716  0.00981  0.00112 -0.02972  0.01467
 0.03158  0.92569 -0.00667  0.12255  0.01161 -0.02067 -0.04247 -0.01159
 0.00055  0.84047  0.00589  0.42118  0.00209 -0.01172 -0.04207 -0.01580
 0.00124  0.64708  0.00706  0.66621  0.01023 -0.00284 -0.02949 -0.01972
 0.02487  0.38591  0.00913  0.83572  0.02142 -0.00503 -0.01896 -0.02289
 0.00460  0.09426  0.00592  0.94551  0.01163 -0.00221 -0.00809 -0.02469
-0.02013 -0.21457  0.00048  0.91238 -0.00264  0.00058  0.01046 -0.03475
-0.02768 -0.49153 -0.00409  0.76821 -0.00403 -0.00541  0.01932 -0.02608
-0.01371 -0.73801 -0.01028  0.57727  0.00915  0.00157  0.02744 -0.02074
 0.01436 -0.88744 -0.00924  0.30480 -0.00588  0.01101  0.03454 -0.01460
 0.02157 -0.93715 -0.00997 -0.00345  0.00021  0.00552  0.03509 -0.00252
 0.01303  0.92330 -0.01903 -0.18716  0.00981  0.00112 -0.02972  0.01467
 0.01018  0.83754 -0.01700 -0.44836  0.00405 -0.00391 -0.02061  0.02404
 0.00313  0.66533 -0.01707 -0.66273  0.00163 -0.00448 -0.00800  0.02278
 0.00715  0.43587 -0.02074 -0.81395  0.00220  0.00927  0.00082  0.02035
 0.00720  0.18153 -0.03007 -0.91801  0.01420  0.01337 -0.00417  0.01432
 0.01160 -0.09177 -0.04582 -0.93114  0.00373  0.00685  0.01508  0.02723
-0.00086 -0.35487 -0.03416 -0.85733 -0.02570  0.00684  0.01753  0.02951
-0.01499 -0.59380 -0.01983 -0.72216 -0.03067  0.00696  0.01145  0.02519
-0.01166 -0.78350 -0.01801 -0.52294 -0.01866  0.00413  0.01296  0.02240
 0.01524 -0.89764 -0.01815 -0.27520  0.00329  0.00537  0.02344  0.01109
 0.02157 -0.93715 -0.00997 -0.00345  0.00021  0.00552  0.03509 -0.00252
