 0.87525  0.03411  0.04080  0.00193 -0.00512  0.00099 -0.00142 -0.00016 -0.00054 -0.00347 -0.01129 -0.00461  0.00232  0.00199 -0.00054 -0.00043 -0.00127 -0.00071  0.00089 -0.00252 -0.00076  0.00114  0.00106 -0.00220
 0.80449  0.03170  0.03560  0.00169  0.07827  0.01772 -0.00844 -0.00147 -0.00116 -0.00325 -0.01433 -0.00542  0.00215  0.00044  0.00276 -0.00021 -0.00115  0.00012  0.00034 -0.00260 -0.00114  0.00072  0.00135 -0.00177
 0.72613  0.02816  0.03116  0.00155  0.15567  0.02967 -0.01239 -0.00178 -0.00189 -0.00120 -0.01639 -0.00628  0.00206 -0.00077  0.00497 -0.00024 -0.00117  0.00051 -0.00010 -0.00275 -0.00156  0.00032  0.00150 -0.00126
 0.64769  0.02437  0.02696  0.00142  0.23313  0.04014 -0.01590 -0.00201 -0.00254  0.00154 -0.01788 -0.00696  0.00200 -0.00185  0.00683 -0.00035 -0.00118  0.00078 -0.00050 -0.00297 -0.00198 -0.00004  0.00160 -0.00071
 0.56686  0.01995  0.02306  0.00132  0.30828  0.04770 -0.01837 -0.00188 -0.00313  0.00520 -0.01872 -0.00750  0.00198 -0.00273  0.00809 -0.00056 -0.00118  0.00087 -0.00085 -0.00330 -0.00239 -0.00038  0.00162 -0.00015
 0.48556  0.01528  0.01931  0.00122  0.38291  0.05295 -0.02049 -0.00166 -0.00359  0.00954 -0.01900 -0.00784  0.00200 -0.00343  0.00885 -0.00079 -0.00109  0.00087 -0.00116 -0.00374 -0.00275 -0.00068  0.00157  0.00039
 0.40261  0.01024  0.01577  0.00110  0.45561  0.05488 -0.02197 -0.00122 -0.00392  0.01459 -0.01866 -0.00796  0.00207 -0.00391  0.00890 -0.00102 -0.00088  0.00075 -0.00139 -0.00433 -0.00302 -0.00092  0.00144  0.00089
 0.31860  0.00519  0.01233  0.00094  0.52685  0.05348 -0.02307 -0.00069 -0.00410  0.02021 -0.01767 -0.00786  0.00216 -0.00418  0.00813 -0.00116 -0.00044  0.00058 -0.00154 -0.00508 -0.00317 -0.00110  0.00125  0.00132
 0.23279  0.00030  0.00902  0.00070  0.59547  0.04801 -0.02365 -0.00002 -0.00410  0.02631 -0.01586 -0.00750  0.00227 -0.00423  0.00628 -0.00110  0.00028  0.00039 -0.00159 -0.00602 -0.00314 -0.00120  0.00103  0.00162
 0.14480 -0.00403  0.00579  0.00038  0.66048  0.03805 -0.02371  0.00070 -0.00393  0.03280 -0.01292 -0.00689  0.00235 -0.00405  0.00299 -0.00070  0.00139  0.00024 -0.00149 -0.00720 -0.00286 -0.00119  0.00083  0.00176
 0.05030 -0.00716  0.00259 -0.00004  0.71338  0.02078 -0.02336  0.00147 -0.00359  0.03989 -0.00757 -0.00614  0.00235 -0.00363 -0.00153  0.00063  0.00291  0.00026 -0.00120 -0.00860 -0.00219 -0.00108  0.00092  0.00154
 0.87525  0.03411  0.04080  0.00193 -0.00512  0.00099 -0.00142 -0.00016 -0.00054 -0.00347 -0.01129 -0.00461  0.00232  0.00199 -0.00054 -0.00043 -0.00127 -0.00071  0.00089 -0.00252 -0.00076  0.00114  0.00106 -0.00220
 0.80587  0.02952  0.03563  0.00163 -0.09013 -0.01544  0.00497  0.00210 -0.00017 -0.00253 -0.01422 -0.00608  0.00221  0.00228 -0.00296  0.00067 -0.00157 -0.00127  0.00077 -0.00241 -0.00122  0.00097  0.00100 -0.00282
 0.72924  0.02539  0.03075  0.00116 -0.16965 -0.02746  0.00881  0.00350  0.00034 -0.00021 -0.01596 -0.00703  0.00209  0.00220 -0.00470  0.00208 -0.00160 -0.00148  0.00055 -0.00214 -0.00177  0.00073  0.00085 -0.00309
 0.65213  0.02106  0.02616  0.00069 -0.24885 -0.03787  0.01223  0.00466  0.00080  0.00264 -0.01702 -0.00766  0.00198  0.00210 -0.00637  0.00343 -0.00158 -0.00159  0.00030 -0.00181 -0.00233  0.00049  0.00063 -0.00320
 0.57256  0.01678  0.02188  0.00020 -0.32579 -0.04542  0.01474  0.00536  0.00124  0.00612 -0.01731 -0.00787  0.00186  0.00191 -0.00784  0.00474 -0.00151 -0.00156 -0.00001 -0.00138 -0.00289  0.00022  0.00035 -0.00312
 0.49209  0.01240  0.01789 -0.00027 -0.40180 -0.05049  0.01686  0.00572  0.00160  0.01003 -0.01693 -0.00770  0.00176  0.00174 -0.00921  0.00587 -0.00147 -0.00143 -0.00034 -0.00087 -0.00341 -0.00005 -0.00000 -0.00290
 0.40972  0.00813  0.01427 -0.00072 -0.47571 -0.05221  0.01834  0.00562  0.00189  0.01434 -0.01580 -0.00707  0.00167  0.00159 -0.01038  0.00677 -0.00147 -0.00118 -0.00069 -0.00028 -0.00387 -0.00033 -0.00042 -0.00254
 0.32583  0.00406  0.01098 -0.00111 -0.54770 -0.05053  0.01934  0.00512  0.00211  0.01891 -0.01393 -0.00599  0.00159  0.00151 -0.01127  0.00734 -0.00156 -0.00084 -0.00104  0.00038 -0.00423 -0.00061 -0.00091 -0.00208
 0.23985  0.00042  0.00803 -0.00144 -0.61678 -0.04498  0.01976  0.00419  0.00225  0.02369 -0.01120 -0.00445  0.00152  0.00149 -0.01166  0.00751 -0.00174 -0.00040 -0.00137  0.00106 -0.00446 -0.00089 -0.00145 -0.00153
 0.15145 -0.00249  0.00535 -0.00165 -0.68209 -0.03539  0.01958  0.00287  0.00230  0.02867 -0.00744 -0.00248  0.00147  0.00154 -0.01120  0.00719 -0.00201  0.00012 -0.00162  0.00168 -0.00454 -0.00116 -0.00203 -0.00093
 0.05674 -0.00412  0.00276 -0.00166 -0.73622 -0.01989  0.01888  0.00120  0.00217  0.03388 -0.00174 -0.00014  0.00143  0.00159 -0.00942  0.00603 -0.00229  0.00072 -0.00171  0.00200 -0.00441 -0.00137 -0.00257 -0.00028
 0.05030 -0.00716  0.00259 -0.00004  0.71338  0.02078 -0.02336  0.00147 -0.00359  0.03989 -0.00757 -0.00614  0.00235 -0.00363 -0.00153  0.00063  0.00291  0.00026 -0.00120 -0.00860 -0.00219 -0.00108  0.00092  0.00154
-0.05620 -0.00803  0.00015 -0.00018  0.68924 -0.00515 -0.02407  0.00235 -0.00346  0.03898  0.00103 -0.00589  0.00233 -0.00323  0.00278  0.00313  0.00326  0.00053 -0.00099 -0.00674 -0.00112 -0.00138  0.00184  0.00067
-0.14668 -0.00595 -0.00136  0.00010  0.62513 -0.02311 -0.02456  0.00299 -0.00345  0.03463  0.00721 -0.00613  0.00238 -0.00308  0.00841  0.00400  0.00261  0.00071 -0.00090 -0.00471 -0.00030 -0.00179  0.00260  0.00004
-0.23726 -0.00233 -0.00291  0.00047  0.55980 -0.03710 -0.02423  0.00340 -0.00329  0.02985  0.01246 -0.00622  0.00227 -0.00294  0.01079  0.00430  0.00210  0.00073 -0.00077 -0.00359  0.00044 -0.00212  0.00306 -0.00041
-0.32337  0.00227 -0.00433  0.00085  0.48777 -0.04605 -0.02316  0.00357 -0.00303  0.02400  0.01676 -0.00616  0.00195 -0.00284  0.01214  0.00416  0.00153  0.00064 -0.00067 -0.00269  0.00102 -0.00239  0.00324 -0.00074
-0.40757  0.00747 -0.00571  0.00116  0.41297 -0.05048 -0.02143  0.00349 -0.00268  0.01774  0.02043 -0.00594  0.00136 -0.00273  0.01213  0.00382  0.00108  0.00047 -0.00059 -0.00209  0.00151 -0.00259  0.00316 -0.00102
-0.48911  0.01267 -0.00701  0.00134  0.33502 -0.05008 -0.01892  0.00316 -0.00225  0.01129  0.02339 -0.00550  0.00050 -0.00262  0.01117  0.00336  0.00073  0.00028 -0.00051 -0.00167  0.00193 -0.00270  0.00284 -0.00124
-0.56892  0.01777 -0.00808  0.00131  0.25528 -0.04548 -0.01577  0.00266 -0.00176  0.00500  0.02556 -0.00488 -0.00064 -0.00255  0.00949  0.00292  0.00048  0.00009 -0.00042 -0.00136  0.00235 -0.00274  0.00230 -0.00142
-0.64430  0.02181 -0.00881  0.00107  0.17161 -0.03606 -0.01114  0.00180 -0.00131 -0.00067  0.02676 -0.00403 -0.00192 -0.00256  0.00717  0.00255  0.00025  0.00001 -0.00030 -0.00109  0.00276 -0.00271  0.00155 -0.00149
-0.71861  0.02523 -0.00895  0.00048  0.08734 -0.02335 -0.00548  0.00080 -0.00092 -0.00552  0.02682 -0.00298 -0.00340 -0.00268  0.00442  0.00233 -0.00000  0.00004 -0.00010 -0.00084  0.00324 -0.00264  0.00059 -0.00144
-0.77659  0.02544 -0.00760 -0.00028 -0.00733 -0.00347  0.00537 -0.00130 -0.00098 -0.00785  0.02539 -0.00177 -0.00463 -0.00304  0.00073  0.00240 -0.00047  0.00048  0.00027 -0.00048  0.00365 -0.00251 -0.00063 -0.00089
-0.77659  0.02544 -0.00760 -0.00028 -0.00733 -0.00347  0.00537 -0.00130 -0.00098 -0.00785  0.02539 -0.00177 -0.00463 -0.00304  0.00073  0.00240 -0.00047  0.00048  0.00027 -0.00048  0.00365 -0.00251 -0.00063 -0.00089
-0.71752  0.02565 -0.00988  0.00040 -0.10238  0.01461  0.01405 -0.00311 -0.00053 -0.00524  0.02606 -0.00228 -0.00299 -0.00277 -0.00300  0.00190 -0.00016  0.00069  0.00005 -0.00006  0.00300 -0.00195 -0.00077  0.00005
-0.64241  0.02407 -0.01066  0.00063 -0.18694  0.02571  0.01737 -0.00373 -0.00002 -0.00098  0.02574 -0.00250 -0.00159 -0.00234 -0.00582  0.00138  0.00007  0.00065 -0.00020  0.00038  0.00222 -0.00143 -0.00077  0.00061
-0.56622  0.02110 -0.01054  0.00061 -0.27080  0.03366  0.01984 -0.00407  0.00031  0.00387  0.02450 -0.00230 -0.00052 -0.00190 -0.00839  0.00109  0.00009  0.00060 -0.00037  0.00084  0.00146 -0.00104 -0.00081  0.00099
-0.48573  0.01751 -0.00988  0.00039 -0.35076  0.03736  0.02086 -0.00401  0.00058  0.00917  0.02258 -0.00185  0.00032 -0.00140 -0.01058  0.00102 -0.00002  0.00052 -0.00053  0.00130  0.00068 -0.00077 -0.00086  0.00116
-0.40355  0.01301 -0.00864  0.00005 -0.42892  0.03732  0.02145 -0.00370  0.00076  0.01464  0.02016 -0.00117  0.00088 -0.00087 -0.01240  0.00121 -0.00027  0.00048 -0.00068  0.00173 -0.00011 -0.00064 -0.00097  0.00117
-0.31884  0.00840 -0.00705 -0.00035 -0.50410  0.03345  0.02146 -0.00314  0.00092  0.02001  0.01730 -0.00042  0.00123 -0.00030 -0.01372  0.00163 -0.00061  0.00048 -0.00086  0.00213 -0.00094 -0.00064 -0.00115  0.00106
-0.23278  0.00393 -0.00514 -0.00074 -0.57733  0.02623  0.02111 -0.00240  0.00111  0.02576  0.01412  0.00028  0.00141  0.00026 -0.01429  0.00222 -0.00101  0.00054 -0.00107  0.00239 -0.00181 -0.00075 -0.00144  0.00087
-0.14155 -0.00015 -0.00289 -0.00114 -0.64343  0.01500  0.02041 -0.00142  0.00135  0.02976  0.01018  0.00080  0.00145  0.00082 -0.01416  0.00308 -0.00143  0.00063 -0.00131  0.00263 -0.00271 -0.00096 -0.00178  0.00056
-0.05117 -0.00323 -0.00038 -0.00144 -0.71002  0.00116  0.01935 -0.00038  0.00171  0.03484  0.00572  0.00105  0.00143  0.00131 -0.01212  0.00411 -0.00193  0.00081 -0.00155  0.00243 -0.00365 -0.00123 -0.00230  0.00026
 0.05674 -0.00412  0.00276 -0.00166 -0.73622 -0.01989  0.01888  0.00120  0.00217  0.03388 -0.00174 -0.00014  0.00143  0.00159 -0.00942  0.00603 -0.00229  0.00072 -0.00171  0.00200 -0.00441 -0.00137 -0.00257 -0.00028
