  -3.4807617e-04  -1.6956604e-04  -1.0432485e-04  -3.4314324e-04  -3.7457554e-04   1.0287923e-04  -1.9422080e-01  -1.4642895e-01  -7.6008388e-02   5.4045143e-02  -1.5090133e-01  -2.1421568e-01   7.2525207e-02   3.5038018e-01   4.5003659e-02  -3.2749389e-02   3.7131540e-01   2.3434630e-01   1.1078623e-01   1.4518834e-01   5.9734537e-02   2.7383507e-01   7.2212761e-02  -1.0148565e-01   3.7064112e-01   9.0004909e-01   6.9566600e-01   8.0786501e-01   1.0784919e+00   1.0564123e+00
  -1.9422080e-01  -1.4642895e-01  -7.6008388e-02   5.4045143e-02  -1.5090133e-01  -2.1421568e-01   7.2525207e-02   3.5038018e-01   4.5003659e-02  -3.2749389e-02   3.7131540e-01   2.3434630e-01   1.1078623e-01   1.4518834e-01   5.9734537e-02   2.7383507e-01   7.2212761e-02  -1.0148565e-01   3.7064112e-01   9.0004909e-01   6.9566600e-01   8.0786501e-01   1.0784919e+00   1.0564123e+00   7.1913438e-01   1.3197885e+00   1.1588913e+00   2.0368261e+00   1.7500533e+00   1.7454644e+00
   7.2525207e-02   3.5038018e-01   4.5003659e-02  -3.2749389e-02   3.7131540e-01   2.3434630e-01   1.1078623e-01   1.4518834e-01   5.9734537e-02   2.7383507e-01   7.2212761e-02  -1.0148565e-01   3.7064112e-01   9.0004909e-01   6.9566600e-01   8.0786501e-01   1.0784919e+00   1.0564123e+00   7.1913438e-01   1.3197885e+00   1.1588913e+00   2.0368261e+00   1.7500533e+00   1.7454644e+00   1.0377021e+00   1.8369820e+00   1.3863583e+00   2.2584299e+00   2.1688140e+00   1.9714625e+00
   1.1078623e-01   1.4518834e-01   5.9734537e-02   2.7383507e-01   7.2212761e-02  -1.0148565e-01   3.7064112e-01   9.0004909e-01   6.9566600e-01   8.0786501e-01   1.0784919e+00   1.0564123e+00   7.1913438e-01   1.3197885e+00   1.1588913e+00   2.0368261e+00   1.7500533e+00   1.7454644e+00   1.0377021e+00   1.8369820e+00   1.3863583e+00   2.2584299e+00   2.1688140e+00   1.9714625e+00   1.4201539e+00   2.0350193e+00   1.5791413e+00   2.4843910e+00   2.5119167e+00   2.3334298e+00
   3.7064112e-01   9.0004909e-01   6.9566600e-01   8.0786501e-01   1.0784919e+00   1.0564123e+00   7.1913438e-01   1.3197885e+00   1.1588913e+00   2.0368261e+00   1.7500533e+00   1.7454644e+00   1.0377021e+00   1.8369820e+00   1.3863583e+00   2.2584299e+00   2.1688140e+00   1.9714625e+00   1.4201539e+00   2.0350193e+00   1.5791413e+00   2.4843910e+00   2.5119167e+00   2.3334298e+00   1.0321979e+00   2.0022676e+00   1.4935387e+00   1.8943422e+00   2.2552327e+00   2.6888571e+00
   7.1913438e-01   1.3197885e+00   1.1588913e+00   2.0368261e+00   1.7500533e+00   1.7454644e+00   1.0377021e+00   1.8369820e+00   1.3863583e+00   2.2584299e+00   2.1688140e+00   1.9714625e+00   1.4201539e+00   2.0350193e+00   1.5791413e+00   2.4843910e+00   2.5119167e+00   2.3334298e+00   1.0321979e+00   2.0022676e+00   1.4935387e+00   1.8943422e+00   2.2552327e+00   2.6888571e+00  -7.4143496e-01   2.9770129e-01   5.4536783e-01   1.0360799e+00   2.2525037e+00   2.3710189e+00
   1.0377021e+00   1.8369820e+00   1.3863583e+00   2.2584299e+00   2.1688140e+00   1.9714625e+00   1.4201539e+00   2.0350193e+00   1.5791413e+00   2.4843910e+00   2.5119167e+00   2.3334298e+00   1.0321979e+00   2.0022676e+00   1.4935387e+00   1.8943422e+00   2.2552327e+00   2.6888571e+00  -7.4143496e-01   2.9770129e-01   5.4536783e-01   1.0360799e+00   2.2525037e+00   2.3710189e+00  -1.7655947e+00  -2.7073900e-01  -4.0312437e-01   4.6895863e-01   1.7910515e+00   2.2024369e+00
   1.4201539e+00   2.0350193e+00   1.5791413e+00   2.4843910e+00   2.5119167e+00   2.3334298e+00   1.0321979e+00   2.0022676e+00   1.4935387e+00   1.8943422e+00   2.2552327e+00   2.6888571e+00  -7.4143496e-01   2.9770129e-01   5.4536783e-01   1.0360799e+00   2.2525037e+00   2.3710189e+00  -1.7655947e+00  -2.7073900e-01  -4.0312437e-01   4.6895863e-01   1.7910515e+00   2.2024369e+00  -2.2095742e+00  -8.5895983e-01  -9.1725728e-01  -1.5828865e-01   7.8637659e-01   1.8225037e+00
   1.0321979e+00   2.0022676e+00   1.4935387e+00   1.8943422e+00   2.2552327e+00   2.6888571e+00  -7.4143496e-01   2.9770129e-01   5.4536783e-01   1.0360799e+00   2.2525037e+00   2.3710189e+00  -1.7655947e+00  -2.7073900e-01  -4.0312437e-01   4.6895863e-01   1.7910515e+00   2.2024369e+00  -2.2095742e+00  -8.5895983e-01  -9.1725728e-01  -1.5828865e-01   7.8637659e-01   1.8225037e+00  -2.2222849e+00  -1.4882849e+00  -1.3625632e+00  -1.0358804e-01   9.5407825e-02   1.2504758e+00
  -7.4143496e-01   2.9770129e-01   5.4536783e-01   1.0360799e+00   2.2525037e+00   2.3710189e+00  -1.7655947e+00  -2.7073900e-01  -4.0312437e-01   4.6895863e-01   1.7910515e+00   2.2024369e+00  -2.2095742e+00  -8.5895983e-01  -9.1725728e-01  -1.5828865e-01   7.8637659e-01   1.8225037e+00  -2.2222849e+00  -1.4882849e+00  -1.3625632e+00  -1.0358804e-01   9.5407825e-02   1.2504758e+00  -2.0058791e+00  -1.2036089e+00  -1.6033060e+00  -3.9506326e-01  -6.0049013e-01   8.7469298e-01
  -1.7655947e+00  -2.7073900e-01  -4.0312437e-01   4.6895863e-01   1.7910515e+00   2.2024369e+00  -2.2095742e+00  -8.5895983e-01  -9.1725728e-01  -1.5828865e-01   7.8637659e-01   1.8225037e+00  -2.2222849e+00  -1.4882849e+00  -1.3625632e+00  -1.0358804e-01   9.5407825e-02   1.2504758e+00  -2.0058791e+00  -1.2036089e+00  -1.6033060e+00  -3.9506326e-01  -6.0049013e-01   8.7469298e-01  -1.5512658e+00  -1.5419677e+00  -1.4364897e+00  -2.0446905e-01  -9.7869983e-01  -3.4669296e-01
  -2.2095742e+00  -8.5895983e-01  -9.1725728e-01  -1.5828865e-01   7.8637659e-01   1.8225037e+00  -2.2222849e+00  -1.4882849e+00  -1.3625632e+00  -1.0358804e-01   9.5407825e-02   1.2504758e+00  -2.0058791e+00  -1.2036089e+00  -1.6033060e+00  -3.9506326e-01  -6.0049013e-01   8.7469298e-01  -1.5512658e+00  -1.5419677e+00  -1.4364897e+00  -2.0446905e-01  -9.7869983e-01  -3.4669296e-01  -8.9798184e-01  -9.6030427e-01  -7.4705444e-01  -1.3377571e-02  -7.5570000e-01  -4.2847082e-01
  -2.2222849e+00  -1.4882849e+00  -1.3625632e+00  -1.0358804e-01   9.5407825e-02   1.2504758e+00  -2.0058791e+00  -1.2036089e+00  -1.6033060e+00  -3.9506326e-01  -6.0049013e-01   8.7469298e-01  -1.5512658e+00  -1.5419677e+00  -1.4364897e+00  -2.0446905e-01  -9.7869983e-01  -3.4669296e-01  -8.9798184e-01  -9.6030427e-01  -7.4705444e-01  -1.3377571e-02  -7.5570000e-01  -4.2847082e-01  -3.8259304e-01  -2.8855147e-01  -3.9176896e-01   7.5274754e-02  -3.2337877e-01   9.0056198e-02
  -2.0058791e+00  -1.2036089e+00  -1.6033060e+00  -3.9506326e-01  -6.0049013e-01   8.7469298e-01  -1.5512658e+00  -1.5419677e+00  -1.4364897e+00  -2.0446905e-01  -9.7869983e-01  -3.4669296e-01  -8.9798184e-01  -9.6030427e-01  -7.4705444e-01  -1.3377571e-02  -7.5570000e-01  -4.2847082e-01  -3.8259304e-01  -2.8855147e-01  -3.9176896e-01   7.5274754e-02  -3.2337877e-01   9.0056198e-02  -1.7171386e-01   1.5136969e-01   2.3075996e-01   4.4674250e-01   2.1958914e-01   3.9757169e-01
  -1.5512658e+00  -1.5419677e+00  -1.4364897e+00  -2.0446905e-01  -9.7869983e-01  -3.4669296e-01  -8.9798184e-01  -9.6030427e-01  -7.4705444e-01  -1.3377571e-02  -7.5570000e-01  -4.2847082e-01  -3.8259304e-01  -2.8855147e-01  -3.9176896e-01   7.5274754e-02  -3.2337877e-01   9.0056198e-02  -1.7171386e-01   1.5136969e-01   2.3075996e-01   4.4674250e-01   2.1958914e-01   3.9757169e-01   4.0325993e-01   2.6766737e-01   5.2551282e-01   8.6953390e-01   7.1363224e-01   6.1484299e-01
  -8.9798184e-01  -9.6030427e-01  -7.4705444e-01  -1.3377571e-02  -7.5570000e-01  -4.2847082e-01  -3.8259304e-01  -2.8855147e-01  -3.9176896e-01   7.5274754e-02  -3.2337877e-01   9.0056198e-02  -1.7171386e-01   1.5136969e-01   2.3075996e-01   4.4674250e-01   2.1958914e-01   3.9757169e-01   4.0325993e-01   2.6766737e-01   5.2551282e-01   8.6953390e-01   7.1363224e-01   6.1484299e-01   2.4107332e-01   8.5800146e-01   5.1673617e-01   1.5379242e+00   1.0299793e+00   1.2990290e+00
  -3.8259304e-01  -2.8855147e-01  -3.9176896e-01   7.5274754e-02  -3.2337877e-01   9.0056198e-02  -1.7171386e-01   1.5136969e-01   2.3075996e-01   4.4674250e-01   2.1958914e-01   3.9757169e-01   4.0325993e-01   2.6766737e-01   5.2551282e-01   8.6953390e-01   7.1363224e-01   6.1484299e-01   2.4107332e-01   8.5800146e-01   5.1673617e-01   1.5379242e+00   1.0299793e+00   1.2990290e+00   8.8239191e-01   1.7634849e+00   1.4626736e+00   2.3256399e+00   1.8402989e+00   1.9461440e+00
  -1.7171386e-01   1.5136969e-01   2.3075996e-01   4.4674250e-01   2.1958914e-01   3.9757169e-01   4.0325993e-01   2.6766737e-01   5.2551282e-01   8.6953390e-01   7.1363224e-01   6.1484299e-01   2.4107332e-01   8.5800146e-01   5.1673617e-01   1.5379242e+00   1.0299793e+00   1.2990290e+00   8.8239191e-01   1.7634849e+00   1.4626736e+00   2.3256399e+00   1.8402989e+00   1.9461440e+00   9.1415121e-01   1.7325418e+00   1.1879544e+00   1.6951012e+00   1.9853950e+00   2.3870293e+00
   4.0325993e-01   2.6766737e-01   5.2551282e-01   8.6953390e-01   7.1363224e-01   6.1484299e-01   2.4107332e-01   8.5800146e-01   5.1673617e-01   1.5379242e+00   1.0299793e+00   1.2990290e+00   8.8239191e-01   1.7634849e+00   1.4626736e+00   2.3256399e+00   1.8402989e+00   1.9461440e+00   9.1415121e-01   1.7325418e+00   1.1879544e+00   1.6951012e+00   1.9853950e+00   2.3870293e+00   5.9218444e-01   1.6044964e+00   1.3376780e+00   1.7684248e+00   2.1146524e+00   2.6604708e+00
   2.4107332e-01   8.5800146e-01   5.1673617e-01   1.5379242e+00   1.0299793e+00   1.2990290e+00   8.8239191e-01   1.7634849e+00   1.4626736e+00   2.3256399e+00   1.8402989e+00   1.9461440e+00   9.1415121e-01   1.7325418e+00   1.1879544e+00   1.6951012e+00   1.9853950e+00   2.3870293e+00   5.9218444e-01   1.6044964e+00   1.3376780e+00   1.7684248e+00   2.1146524e+00   2.6604708e+00   3.3646588e-02   9.8039520e-01   1.0546599e+00   1.3372856e+00   1.7502989e+00   2.6464672e+00
   8.8239191e-01   1.7634849e+00   1.4626736e+00   2.3256399e+00   1.8402989e+00   1.9461440e+00   9.1415121e-01   1.7325418e+00   1.1879544e+00   1.6951012e+00   1.9853950e+00   2.3870293e+00   5.9218444e-01   1.6044964e+00   1.3376780e+00   1.7684248e+00   2.1146524e+00   2.6604708e+00   3.3646588e-02   9.8039520e-01   1.0546599e+00   1.3372856e+00   1.7502989e+00   2.6464672e+00  -7.2586004e-01   4.5126792e-01   4.3607920e-01   8.4780371e-01   1.2767581e+00   2.0481616e+00
   9.1415121e-01   1.7325418e+00   1.1879544e+00   1.6951012e+00   1.9853950e+00   2.3870293e+00   5.9218444e-01   1.6044964e+00   1.3376780e+00   1.7684248e+00   2.1146524e+00   2.6604708e+00   3.3646588e-02   9.8039520e-01   1.0546599e+00   1.3372856e+00   1.7502989e+00   2.6464672e+00  -7.2586004e-01   4.5126792e-01   4.3607920e-01   8.4780371e-01   1.2767581e+00   2.0481616e+00  -1.2363605e+00  -1.0121233e-01  -1.6105633e-01   4.2243975e-01   7.1955984e-01   1.5689560e+00
   5.9218444e-01   1.6044964e+00   1.3376780e+00   1.7684248e+00   2.1146524e+00   2.6604708e+00   3.3646588e-02   9.8039520e-01   1.0546599e+00   1.3372856e+00   1.7502989e+00   2.6464672e+00  -7.2586004e-01   4.5126792e-01   4.3607920e-01   8.4780371e-01   1.2767581e+00   2.0481616e+00  -1.2363605e+00  -1.0121233e-01  -1.6105633e-01   4.2243975e-01   7.1955984e-01   1.5689560e+00  -1.3707404e+00  -1.7436402e-01  -4.1234527e-01   9.5212764e-02   2.4405919e-01   1.0930029e+00
   3.3646588e-02   9.8039520e-01   1.0546599e+00   1.3372856e+00   1.7502989e+00   2.6464672e+00  -7.2586004e-01   4.5126792e-01   4.3607920e-01   8.4780371e-01   1.2767581e+00   2.0481616e+00  -1.2363605e+00  -1.0121233e-01  -1.6105633e-01   4.2243975e-01   7.1955984e-01   1.5689560e+00  -1.3707404e+00  -1.7436402e-01  -4.1234527e-01   9.5212764e-02   2.4405919e-01   1.0930029e+00  -1.3932767e+00  -6.8883360e-01  -6.7216297e-01   1.8974708e-01   9.5962689e-02   6.3908239e-01
  -7.2586004e-01   4.5126792e-01   4.3607920e-01   8.4780371e-01   1.2767581e+00   2.0481616e+00  -1.2363605e+00  -1.0121233e-01  -1.6105633e-01   4.2243975e-01   7.1955984e-01   1.5689560e+00  -1.3707404e+00  -1.7436402e-01  -4.1234527e-01   9.5212764e-02   2.4405919e-01   1.0930029e+00  -1.3932767e+00  -6.8883360e-01  -6.7216297e-01   1.8974708e-01   9.5962689e-02   6.3908239e-01  -1.1046400e+00  -5.6885192e-01  -5.3513889e-01   2.2385673e-01  -2.6392257e-01   2.9850350e-01
  -1.2363605e+00  -1.0121233e-01  -1.6105633e-01   4.2243975e-01   7.1955984e-01   1.5689560e+00  -1.3707404e+00  -1.7436402e-01  -4.1234527e-01   9.5212764e-02   2.4405919e-01   1.0930029e+00  -1.3932767e+00  -6.8883360e-01  -6.7216297e-01   1.8974708e-01   9.5962689e-02   6.3908239e-01  -1.1046400e+00  -5.6885192e-01  -5.3513889e-01   2.2385673e-01  -2.6392257e-01   2.9850350e-01  -1.2529104e+00  -8.1719707e-01  -6.9033931e-01   4.6661759e-02  -1.6448192e-01  -1.4491151e-01
  -1.3707404e+00  -1.7436402e-01  -4.1234527e-01   9.5212764e-02   2.4405919e-01   1.0930029e+00  -1.3932767e+00  -6.8883360e-01  -6.7216297e-01   1.8974708e-01   9.5962689e-02   6.3908239e-01  -1.1046400e+00  -5.6885192e-01  -5.3513889e-01   2.2385673e-01  -2.6392257e-01   2.9850350e-01  -1.2529104e+00  -8.1719707e-01  -6.9033931e-01   4.6661759e-02  -1.6448192e-01  -1.4491151e-01  -3.5795315e-01   3.1896551e-01   3.2910495e-02   3.9336983e-01   4.6164016e-01   5.7004447e-01
  -1.3932767e+00  -6.8883360e-01  -6.7216297e-01   1.8974708e-01   9.5962689e-02   6.3908239e-01  -1.1046400e+00  -5.6885192e-01  -5.3513889e-01   2.2385673e-01  -2.6392257e-01   2.9850350e-01  -1.2529104e+00  -8.1719707e-01  -6.9033931e-01   4.6661759e-02  -1.6448192e-01  -1.4491151e-01  -3.5795315e-01   3.1896551e-01   3.2910495e-02   3.9336983e-01   4.6164016e-01   5.7004447e-01  -1.3567123e-01   4.5838040e-01   4.7543846e-01   6.9904493e-01   5.7492882e-01   7.3509014e-01
  -1.1046400e+00  -5.6885192e-01  -5.3513889e-01   2.2385673e-01  -2.6392257e-01   2.9850350e-01  -1.2529104e+00  -8.1719707e-01  -6.9033931e-01   4.6661759e-02  -1.6448192e-01  -1.4491151e-01  -3.5795315e-01   3.1896551e-01   3.2910495e-02   3.9336983e-01   4.6164016e-01   5.7004447e-01  -1.3567123e-01   4.5838040e-01   4.7543846e-01   6.9904493e-01   5.7492882e-01   7.3509014e-01   3.1944287e-01   1.1097060e+00   7.3388527e-01   9.7660123e-01   1.0868643e+00   1.1340436e+00
  -1.2529104e+00  -8.1719707e-01  -6.9033931e-01   4.6661759e-02  -1.6448192e-01  -1.4491151e-01  -3.5795315e-01   3.1896551e-01   3.2910495e-02   3.9336983e-01   4.6164016e-01   5.7004447e-01  -1.3567123e-01   4.5838040e-01   4.7543846e-01   6.9904493e-01   5.7492882e-01   7.3509014e-01   3.1944287e-01   1.1097060e+00   7.3388527e-01   9.7660123e-01   1.0868643e+00   1.1340436e+00   3.3360293e-01   1.3063756e+00   1.0069731e+00   1.3163822e+00   1.3817523e+00   1.7100120e+00
  -3.5795315e-01   3.1896551e-01   3.2910495e-02   3.9336983e-01   4.6164016e-01   5.7004447e-01  -1.3567123e-01   4.5838040e-01   4.7543846e-01   6.9904493e-01   5.7492882e-01   7.3509014e-01   3.1944287e-01   1.1097060e+00   7.3388527e-01   9.7660123e-01   1.0868643e+00   1.1340436e+00   3.3360293e-01   1.3063756e+00   1.0069731e+00   1.3163822e+00   1.3817523e+00   1.7100120e+00   1.7310201e-01   1.6570303e+00   9.1977133e-01   1.3329626e+00   1.5321100e+00   2.0403530e+00
  -1.3567123e-01   4.5838040e-01   4.7543846e-01   6.9904493e-01   5.7492882e-01   7.3509014e-01   3.1944287e-01   1.1097060e+00   7.3388527e-01   9.7660123e-01   1.0868643e+00   1.1340436e+00   3.3360293e-01   1.3063756e+00   1.0069731e+00   1.3163822e+00   1.3817523e+00   1.7100120e+00   1.7310201e-01   1.6570303e+00   9.1977133e-01   1.3329626e+00   1.5321100e+00   2.0403530e+00   2.6653879e-01   1.1016596e+00   8.4186378e-01   1.4764430e+00   1.7182388e+00   1.9970096e+00
   3.1944287e-01   1.1097060e+00   7.3388527e-01   9.7660123e-01   1.0868643e+00   1.1340436e+00   3.3360293e-01   1.3063756e+00   1.0069731e+00   1.3163822e+00   1.3817523e+00   1.7100120e+00   1.7310201e-01   1.6570303e+00   9.1977133e-01   1.3329626e+00   1.5321100e+00   2.0403530e+00   2.6653879e-01   1.1016596e+00   8.4186378e-01   1.4764430e+00   1.7182388e+00   1.9970096e+00   2.9224479e-01   1.5387764e+00   1.0319011e+00   1.1879322e+00   1.8165888e+00   2.2452452e+00
   3.3360293e-01   1.3063756e+00   1.0069731e+00   1.3163822e+00   1.3817523e+00   1.7100120e+00   1.7310201e-01   1.6570303e+00   9.1977133e-01   1.3329626e+00   1.5321100e+00   2.0403530e+00   2.6653879e-01   1.1016596e+00   8.4186378e-01   1.4764430e+00   1.7182388e+00   1.9970096e+00   2.9224479e-01   1.5387764e+00   1.0319011e+00   1.1879322e+00   1.8165888e+00   2.2452452e+00  -1.1120468e-01   9.0566534e-01   6.7651533e-01   1.1126603e+00   1.4338154e+00   2.1619754e+00
   1.7310201e-01   1.6570303e+00   9.1977133e-01   1.3329626e+00   1.5321100e+00   2.0403530e+00   2.6653879e-01   1.1016596e+00   8.4186378e-01   1.4764430e+00   1.7182388e+00   1.9970096e+00   2.9224479e-01   1.5387764e+00   1.0319011e+00   1.1879322e+00   1.8165888e+00   2.2452452e+00  -1.1120468e-01   9.0566534e-01   6.7651533e-01   1.1126603e+00   1.4338154e+00   2.1619754e+00  -5.5438283e-01   7.7813267e-01   7.2038304e-01   6.2487049e-01   1.3058867e+00   1.8706423e+00
   2.6653879e-01   1.1016596e+00   8.4186378e-01   1.4764430e+00   1.7182388e+00   1.9970096e+00   2.9224479e-01   1.5387764e+00   1.0319011e+00   1.1879322e+00   1.8165888e+00   2.2452452e+00  -1.1120468e-01   9.0566534e-01   6.7651533e-01   1.1126603e+00   1.4338154e+00   2.1619754e+00  -5.5438283e-01   7.7813267e-01   7.2038304e-01   6.2487049e-01   1.3058867e+00   1.8706423e+00  -3.4896773e-01   7.6143441e-01   4.8412415e-01   6.9062615e-01   1.2807140e+00   1.6773385e+00
   2.9224479e-01   1.5387764e+00   1.0319011e+00   1.1879322e+00   1.8165888e+00   2.2452452e+00  -1.1120468e-01   9.0566534e-01   6.7651533e-01   1.1126603e+00   1.4338154e+00   2.1619754e+00  -5.5438283e-01   7.7813267e-01   7.2038304e-01   6.2487049e-01   1.3058867e+00   1.8706423e+00  -3.4896773e-01   7.6143441e-01   4.8412415e-01   6.9062615e-01   1.2807140e+00   1.6773385e+00  -9.6598591e-01   3.5882392e-01   2.8682392e-01   4.3412899e-01   6.7611394e-01   1.2822364e+00
  -1.1120468e-01   9.0566534e-01   6.7651533e-01   1.1126603e+00   1.4338154e+00   2.1619754e+00  -5.5438283e-01   7.7813267e-01   7.2038304e-01   6.2487049e-01   1.3058867e+00   1.8706423e+00  -3.4896773e-01   7.6143441e-01   4.8412415e-01   6.9062615e-01   1.2807140e+00   1.6773385e+00  -9.6598591e-01   3.5882392e-01   2.8682392e-01   4.3412899e-01   6.7611394e-01   1.2822364e+00  -1.1245195e+00  -2.6679790e-01  -2.2882318e-01   5.0384780e-01   5.0286044e-01   9.0884780e-01
  -5.5438283e-01   7.7813267e-01   7.2038304e-01   6.2487049e-01   1.3058867e+00   1.8706423e+00  -3.4896773e-01   7.6143441e-01   4.8412415e-01   6.9062615e-01   1.2807140e+00   1.6773385e+00  -9.6598591e-01   3.5882392e-01   2.8682392e-01   4.3412899e-01   6.7611394e-01   1.2822364e+00  -1.1245195e+00  -2.6679790e-01  -2.2882318e-01   5.0384780e-01   5.0286044e-01   9.0884780e-01  -9.1263825e-01   1.6423837e-01  -5.6838419e-02  -2.5622721e-02   5.2033069e-01   1.0054998e+00
  -3.4896773e-01   7.6143441e-01   4.8412415e-01   6.9062615e-01   1.2807140e+00   1.6773385e+00  -9.6598591e-01   3.5882392e-01   2.8682392e-01   4.3412899e-01   6.7611394e-01   1.2822364e+00  -1.1245195e+00  -2.6679790e-01  -2.2882318e-01   5.0384780e-01   5.0286044e-01   9.0884780e-01  -9.1263825e-01   1.6423837e-01  -5.6838419e-02  -2.5622721e-02   5.2033069e-01   1.0054998e+00  -1.1459530e+00  -3.4834561e-01  -2.4224480e-01   6.8188472e-03   2.3891966e-01   5.6447668e-01
  -9.6598591e-01   3.5882392e-01   2.8682392e-01   4.3412899e-01   6.7611394e-01   1.2822364e+00  -1.1245195e+00  -2.6679790e-01  -2.2882318e-01   5.0384780e-01   5.0286044e-01   9.0884780e-01  -9.1263825e-01   1.6423837e-01  -5.6838419e-02  -2.5622721e-02   5.2033069e-01   1.0054998e+00  -1.1459530e+00  -3.4834561e-01  -2.4224480e-01   6.8188472e-03   2.3891966e-01   5.6447668e-01  -4.6748932e-01  -2.3927773e-01  -1.0053256e-01   1.6202033e-01   1.3172227e-01   5.3892098e-01
  -1.1245195e+00  -2.6679790e-01  -2.2882318e-01   5.0384780e-01   5.0286044e-01   9.0884780e-01  -9.1263825e-01   1.6423837e-01  -5.6838419e-02  -2.5622721e-02   5.2033069e-01   1.0054998e+00  -1.1459530e+00  -3.4834561e-01  -2.4224480e-01   6.8188472e-03   2.3891966e-01   5.6447668e-01  -4.6748932e-01  -2.3927773e-01  -1.0053256e-01   1.6202033e-01   1.3172227e-01   5.3892098e-01  -6.8915277e-01  -1.4821408e-01   7.6803318e-02  -1.2823147e-01   2.5248766e-01   1.7281244e-01
  -9.1263825e-01   1.6423837e-01  -5.6838419e-02  -2.5622721e-02   5.2033069e-01   1.0054998e+00  -1.1459530e+00  -3.4834561e-01  -2.4224480e-01   6.8188472e-03   2.3891966e-01   5.6447668e-01  -4.6748932e-01  -2.3927773e-01  -1.0053256e-01   1.6202033e-01   1.3172227e-01   5.3892098e-01  -6.8915277e-01  -1.4821408e-01   7.6803318e-02  -1.2823147e-01   2.5248766e-01   1.7281244e-01  -3.0689474e-01   4.6755987e-01   1.9328682e-01   5.2834734e-01   6.7674143e-01   7.1758941e-01
